$ANSIBLE_VAULT;1.1;AES256
39643564653062323664323862653534616461613133653264336334373938326266383236326566
3963663239383737303263623030356131343336353365360a663966326239653230303732336635
64316535353038613532623564326335663535313465323239393633653161306333633339646532
6639326431313437340a353233323334616132373830636331663366393831306232333663363461
32396363666339383834626230616435633163343066326236376637623338383131346235373837
65353031363662336130653930626335343231633133656234333730373437303538363666306562
37613061316532623531643635346166316263336564633065646639373261303435353839646332
32653935613136313831353235353361363731333165316636316262313763303662353333373634
35316663643366636463333738313036396131333262643233363533666436616536613866323164
64336261393264633332346630313762363564396430626335626338613266636633623564336232
65643966363862663638613239626165396632353431376530323833613033346534303236363937
39306166623261346439633062316136366133353137666635366364356239313835366163333465
33643062323631323937393637363338303466626361326239356466393732326665366533323633
34393233656466303030626362656533666134336236353833336234313166306537316130643766
63393964386630386532366535633365663734633635336436303939656462303063656661323039
65663034363363323839346630636563613836636533373961333633633939386461623463386337
36373064323539303763303534626362316236613164633332616261303865636262303031326631
37643830373066323834643339633065363133373230636334386130663435386433336534313630
376261353136646238346465393034306364
